initial_pose_x: 0.000662
initial_pose_y: -0.049310
initial_pose_a: 0.188735

